1403636579913555712.000000 0.000068552 0.011825162 0.004481447 -0.005930012 0.005725658 -0.002886718 0.999961853
1403636579963555584.000000 -0.000054381 0.016852845 0.005988555 -0.012014641 0.005759816 -0.002963839 0.999906838
1403636580013555456.000000 -0.000008208 0.032216940 0.010374638 -0.014331670 0.005244134 -0.000167141 0.999883592
1403636580063555840.000000 -0.000428335 0.030633492 0.009870953 -0.019959426 0.005897196 -0.000265391 0.999783397
1403636580113555456.000000 -0.000491775 0.033082414 0.010711324 -0.023100071 0.005598561 0.001640874 0.999716163
1403636580163555584.000000 -0.000693846 0.039589509 0.012547212 -0.024690693 0.005201314 0.003091849 0.999676824
1403636580213555456.000000 -0.000863151 0.050584797 0.015241633 -0.025402591 0.004485169 0.003920245 0.999659538
1403636580263555840.000000 -0.000888485 0.047716800 0.014500009 -0.029767074 0.004644027 0.002220547 0.999543607
1403636580313555456.000000 -0.001026369 0.052647699 0.015624058 -0.033423819 0.004857866 -0.000734118 0.999429226
1403636580363555584.000000 -0.001189081 0.056981396 0.016248705 -0.038874403 0.003680482 -0.001037071 0.999236822
1403636580413555712.000000 -0.001359510 0.060933486 0.016839417 -0.046303343 0.003640227 -0.002233549 0.998918295
1403636580463555584.000000 -0.001572645 0.061830662 0.016825153 -0.055555083 0.003243274 -0.002709076 0.998446703
1403636580513555456.000000 -0.001765999 0.063397922 0.016926099 -0.064214669 0.003063387 -0.002898127 0.997927248
1403636580563555840.000000 -0.002079109 0.067103714 0.017431818 -0.069773965 0.001630348 -0.001014505 0.997560978
1403636580613555456.000000 -0.002271195 0.062636539 0.016096884 -0.072618790 0.000502187 -0.001076288 0.997359157
1403636580663555584.000000 -0.002255213 0.056921668 0.014731544 -0.071911328 0.000267299 -0.001393504 0.997409999
1403636580713555456.000000 -0.002469128 0.050773460 0.013322264 -0.068211749 0.001787950 -0.003676417 0.997662485
1403636580763555840.000000 -0.002786797 0.044664837 0.011732019 -0.062712267 0.004216283 -0.006342833 0.998002589
1403636580813555456.000000 -0.002799649 0.035954617 0.009944275 -0.056668155 0.007645243 -0.010209331 0.998311579
1403636580863555584.000000 -0.003061287 0.028695233 0.008619565 -0.049097996 0.012774182 -0.013492910 0.998621106
1403636580913555712.000000 -0.002955182 0.021493925 0.007141450 -0.041280571 0.017762152 -0.016530434 0.998852968
1403636580963555584.000000 -0.003421352 0.012729669 0.005145399 -0.033609021 0.020065187 -0.018343572 0.999065220
1403636581013555456.000000 -0.003881550 0.004006428 0.003234014 -0.027116001 0.020249935 -0.019779555 0.999231398
1403636581063555840.000000 -0.004329224 -0.003659877 0.001521950 -0.020563761 0.019561507 -0.019477183 0.999407411
1403636581113555456.000000 -0.004462574 -0.011093931 -0.000236934 -0.014137657 0.020056667 -0.018634457 0.999525189
1403636581163555584.000000 -0.004667957 -0.016984995 -0.001383223 -0.006048364 0.020671003 -0.016005011 0.999639928
1403636581213555456.000000 -0.004612469 -0.023274861 -0.003108353 0.001462562 0.021115301 -0.013873161 0.999679804
1403636581263555840.000000 -0.004438873 -0.027957289 -0.004237560 0.010392264 0.021034466 -0.011273351 0.999661207
1403636581313555456.000000 -0.004112398 -0.029937668 -0.004862982 0.018409776 0.020735785 -0.012582278 0.999536276
1403636581363555584.000000 -0.004026378 -0.033189837 -0.006128253 0.023071131 0.021205431 -0.011998087 0.999436975
1403636581413555712.000000 -0.003481541 -0.033251300 -0.006251086 0.024300169 0.023187909 -0.014484928 0.999330819
1403636581463555584.000000 -0.003449553 -0.031278033 -0.006264280 0.021976307 0.024717074 -0.017727328 0.999295712
1403636581513555456.000000 -0.002663190 -0.024225829 -0.005254954 0.017566500 0.025671948 -0.019413419 0.999327540
1403636581563555840.000000 -0.002308495 -0.019164898 -0.003950694 0.011431520 0.026417371 -0.018301189 0.999418139
1403636581613555456.000000 -0.002405638 -0.014417578 -0.002336616 0.004690705 0.025501687 -0.017385222 0.999512613
1403636581663555584.000000 -0.002249385 -0.009203895 -0.000533912 -0.000907634 0.025225749 -0.015679410 0.999558449
1403636581713555456.000000 -0.001473437 -0.002080815 0.001560281 -0.004280051 0.024375401 -0.017053109 0.999548316
1403636581763555840.000000 -0.000748090 0.006767412 0.004090890 -0.005139945 0.022692908 -0.014635964 0.999622166
1403636581813555456.000000 -0.000521668 0.012761904 0.005495919 -0.006828933 0.019857159 -0.014946312 0.999667823
1403636581863555584.000000 -0.000080964 0.020497892 0.007161516 -0.009107675 0.018685956 -0.014256307 0.999682248
1403636581913555712.000000 -0.000015708 0.028159209 0.008921993 -0.013601948 0.016919676 -0.012003101 0.999692261
1403636581963555584.000000 0.000152288 0.033734195 0.010104385 -0.020641942 0.019250942 -0.010804315 0.999543190
1403636582013555456.000000 0.000220779 0.040878184 0.011984818 -0.028377628 0.021135289 -0.009241725 0.999331117
1403636582063555840.000000 0.000219332 0.047041699 0.013362509 -0.036739644 0.022586808 -0.009418873 0.999025226
1403636582113555456.000000 0.000202025 0.050489355 0.014096336 -0.045813546 0.022103461 -0.010324475 0.998652101
1403636582163555584.000000 -0.000224617 0.053523764 0.014675041 -0.052953511 0.020339763 -0.010104767 0.998338699
1403636582213555456.000000 -0.000553975 0.055400413 0.014898452 -0.058841087 0.018479018 -0.010745752 0.998038530
1403636582263555840.000000 -0.000834511 0.055340476 0.014833681 -0.062318921 0.017541327 -0.010941572 0.997842193
1403636582313555456.000000 -0.001257054 0.053052500 0.014243016 -0.063472010 0.016195085 -0.010662250 0.997795224
1403636582363555584.000000 -0.001732268 0.049395092 0.013255893 -0.060688891 0.015387561 -0.009890298 0.997989118
1403636582413555712.000000 -0.002218189 0.043803621 0.011845542 -0.054408938 0.014947143 -0.009873333 0.998358130
1403636582463555584.000000 -0.002682531 0.038971048 0.010565449 -0.046633441 0.014942432 -0.009316565 0.998756886
1403636582513555456.000000 -0.003129099 0.031546623 0.008731942 -0.040594384 0.016490737 -0.011329496 0.998975456
1403636582563555840.000000 -0.003307363 0.025865668 0.007445605 -0.034864608 0.018218653 -0.011464401 0.999160230
1403636582613555456.000000 -0.003439791 0.018277705 0.005623486 -0.032039363 0.021289445 -0.014145093 0.999159753
1403636582663555584.000000 -0.003564070 0.010752705 0.003656369 -0.029890904 0.024000365 -0.014383103 0.999161541
1403636582713555456.000000 -0.003496665 0.003091088 0.001579393 -0.027887195 0.025228260 -0.013946026 0.999195337
1403636582763555840.000000 -0.003201213 -0.003669699 0.000010629 -0.024474679 0.027304269 -0.011981005 0.999255717
1403636582813555456.000000 -0.002867019 -0.011247993 -0.001503781 -0.019901900 0.030645918 -0.009491931 0.999287069
1403636582863555584.000000 -0.002417016 -0.017580381 -0.002881327 -0.012964184 0.035149928 -0.007063064 0.999273002
1403636582913555712.000000 -0.001731304 -0.022199268 -0.004047081 -0.004269328 0.038089618 -0.004104254 0.999256790
1403636582963555584.000000 -0.001204737 -0.028232709 -0.005662082 0.004089528 0.039675340 -0.003831512 0.999196887
1403636583013555456.000000 -0.001250279 -0.034689307 -0.007045018 0.011893669 0.041646618 -0.003926113 0.999053895
1403636583063555840.000000 -0.001041346 -0.037259355 -0.007994925 0.017157899 0.041697983 -0.005371368 0.998968482
1403636583113555456.000000 -0.000653476 -0.036026753 -0.008423191 0.019905342 0.042538080 -0.005686361 0.998880386
1403636583163555584.000000 -0.000261685 -0.035467952 -0.008351420 0.019893644 0.044445239 -0.007703749 0.998784065
1403636583213555456.000000 0.000023392 -0.032912184 -0.007622998 0.018716149 0.044885494 -0.009623724 0.998770475
1403636583263555840.000000 -0.000127074 -0.028875556 -0.006676883 0.017055888 0.044187330 -0.010316190 0.998824418
1403636583313555456.000000 -0.000056627 -0.024927856 -0.005074287 0.014874299 0.043414745 -0.010804981 0.998887956
1403636583363555584.000000 0.000376066 -0.018772116 -0.003113382 0.012748351 0.042455237 -0.011355605 0.998952508
1403636583413555712.000000 0.000809241 -0.013730726 -0.001062255 0.010457321 0.040186834 -0.010924177 0.999077737
1403636583463555584.000000 0.001227886 -0.006453720 0.000990214 0.007152351 0.037820365 -0.012736389 0.999177814
1403636583513555456.000000 0.001811845 -0.000320304 0.002683721 0.003505419 0.036322095 -0.013513630 0.999242604
1403636583563555840.000000 0.002397744 0.007675779 0.004905703 -0.000666809 0.036020845 -0.015153062 0.999235928
1403636583613555456.000000 0.002784396 0.015954869 0.007290330 -0.005925257 0.038297858 -0.016522981 0.999112248
1403636583663555584.000000 0.003019684 0.023698511 0.009449237 -0.014227491 0.035330698 -0.014734102 0.999165773
1403636583713555456.000000 0.003225401 0.030707667 0.011295559 -0.024705848 0.033424616 -0.010737044 0.999078155
1403636583763555840.000000 0.003309906 0.035948962 0.012394072 -0.036398347 0.031414419 -0.006636659 0.998821437
1403636583813555456.000000 0.003390545 0.042416066 0.013840819 -0.046202183 0.031115837 -0.003751728 0.998440385
1403636583863555584.000000 0.003538301 0.046524659 0.014693052 -0.054284476 0.030971779 -0.003984088 0.998037100
1403636583913555712.000000 0.003678392 0.051609360 0.015684228 -0.059352446 0.031557556 -0.007397955 0.997710705
1403636583963555584.000000 0.003728187 0.055662476 0.016269293 -0.062230520 0.030047070 -0.010569037 0.997553468
1403636584013555456.000000 0.003053221 0.057274226 0.016397957 -0.064030491 0.027365031 -0.012200616 0.997498095
1403636584063555840.000000 0.002648003 0.058518484 0.016332274 -0.064062208 0.023747684 -0.013113315 0.997577190
1403636584113555456.000000 0.002291359 0.057840385 0.015905447 -0.064285301 0.020560076 -0.012877092 0.997636676
1403636584163555584.000000 0.001959614 0.055547126 0.015268416 -0.064322822 0.018700253 -0.013179426 0.997666895
1403636584213555456.000000 0.001661132 0.051485620 0.014377739 -0.064164430 0.018083828 -0.013883468 0.997678936
1403636584263555840.000000 0.001843449 0.047356050 0.013379036 -0.062348604 0.017850820 -0.013635505 0.997801661
1403636584313555456.000000 0.001293048 0.041919272 0.012191526 -0.060029324 0.017981449 -0.014097504 0.997935057
1403636584363555584.000000 0.001020349 0.034777261 0.010863666 -0.058848400 0.019291591 -0.015944308 0.997953176
1403636584413555712.000000 0.001431959 0.028268049 0.009761469 -0.056768980 0.022726415 -0.018653989 0.997954369
1403636584463555584.000000 0.001413084 0.020068372 0.008287601 -0.053683471 0.026082467 -0.021831412 0.997978568
1403636584513555456.000000 0.001224478 0.013590867 0.007231523 -0.048231743 0.027972136 -0.022419097 0.998192728
1403636584563555840.000000 0.001130101 0.004863127 0.005680512 -0.041771147 0.029670618 -0.021780444 0.998449087
1403636584613555456.000000 0.000787740 -0.003196920 0.003931243 -0.033262417 0.032642595 -0.021127824 0.998690009
1403636584663555584.000000 0.000710405 -0.011588403 0.002404450 -0.023033462 0.036390308 -0.019775597 0.998876452
1403636584713555456.000000 0.000483658 -0.019163674 0.000586675 -0.012243329 0.039709464 -0.020265166 0.998930752
1403636584763555840.000000 0.000388076 -0.026111161 -0.000924695 -0.002467717 0.043452121 -0.019475425 0.998862624
1403636584813555456.000000 0.000525811 -0.029489247 -0.002475406 0.006777831 0.045104947 -0.018853467 0.998781323
1403636584863555584.000000 -0.000043362 -0.034976028 -0.004163665 0.013234170 0.046223529 -0.016443098 0.998708129
1403636584913555712.000000 -0.000182660 -0.038966198 -0.005490108 0.017691692 0.045523930 -0.014893794 0.998695552
1403636584963555584.000000 -0.000766962 -0.040774349 -0.006874269 0.020306434 0.046656068 -0.011590939 0.998637378
1403636585013555456.000000 -0.000666453 -0.041411933 -0.006259686 0.020188725 0.048310116 -0.010536092 0.998572826
1403636585063555840.000000 -0.001046452 -0.043687709 -0.006533075 0.017364303 0.050363176 -0.009966028 0.998530269
1403636585113555456.000000 -0.000535336 -0.041323487 -0.005568173 0.015305894 0.050187532 -0.009158247 0.998580515
1403636585163555584.000000 -0.000390969 -0.037546486 -0.004393353 0.012913657 0.052647181 -0.008726556 0.998491585
1403636585213555456.000000 0.000225961 -0.033048578 -0.001983633 0.009792686 0.055419255 -0.009082716 0.998373866
1403636585263555840.000000 0.000947920 -0.025843980 -0.000126084 0.007280565 0.058186051 -0.011649322 0.998211265
1403636585313555456.000000 0.001125340 -0.022364980 0.001282702 0.003868753 0.061003588 -0.014878360 0.998019159
1403636585363555584.000000 0.001981467 -0.016130546 0.003290717 0.001004196 0.062166061 -0.019179627 0.997880995
1403636585413555712.000000 0.002887178 -0.010306449 0.005339027 -0.002598597 0.062370714 -0.021420110 0.997819781
1403636585463555584.000000 0.003399491 -0.005171664 0.006491298 -0.007512395 0.059183259 -0.023328060 0.997946322
1403636585513555456.000000 0.003712729 0.000744755 0.007763611 -0.012835845 0.056529496 -0.024494948 0.998017848
1403636585563555840.000000 0.004097873 0.006422562 0.008574158 -0.018484818 0.050378446 -0.025121069 0.998243153
1403636585613555456.000000 0.004291845 0.011502973 0.008504777 -0.024517087 0.043677554 -0.024531256 0.998443484
1403636585663555584.000000 0.004494698 0.015910754 0.008372797 -0.031197922 0.037084885 -0.022096120 0.998580575
1403636585713555456.000000 0.004279537 0.018776949 0.007636342 -0.038647562 0.031035053 -0.019690283 0.998576760
1403636585763555840.000000 0.004291353 0.021279460 0.006906637 -0.046398900 0.026954433 -0.016605882 0.998421192
1403636585813555456.000000 0.003698004 0.022515917 0.005943993 -0.054484256 0.022834897 -0.012614198 0.998173833
1403636585863555584.000000 0.003482324 0.023666563 0.004815976 -0.063605025 0.019416517 -0.009248530 0.997743428
1403636585913555712.000000 0.003416671 0.024210671 0.003677500 -0.072946079 0.016746536 -0.005800059 0.997178435
1403636585963555584.000000 0.003461167 0.024474645 0.002676206 -0.083527826 0.016864838 -0.003175593 0.996357679
1403636586013555456.000000 0.003323434 0.024580222 0.001923584 -0.095401354 0.020328281 -0.001232677 0.995230556
1403636586063555840.000000 0.003834779 0.024996703 0.001220924 -0.107828759 0.026990276 -0.000804174 0.993802786
1403636586113555456.000000 0.003226945 0.024134316 0.000655337 -0.118893355 0.033528011 0.000827910 0.992340446
1403636586163555584.000000 0.002820448 0.023782752 0.000307239 -0.128418192 0.039014060 0.002876243 0.990948200
1403636586213555456.000000 0.002189230 0.023495583 -0.000598372 -0.136879131 0.041481517 0.005103376 0.989705682
1403636586263555840.000000 0.001715529 0.023258526 -0.001668420 -0.146493301 0.042120334 0.006595629 0.988292515
1403636586313555456.000000 0.001279374 0.023049783 -0.002768508 -0.156747445 0.043266129 0.009272001 0.986647069
1403636586363555584.000000 0.001210371 0.023255421 -0.004075556 -0.166523710 0.043754105 0.011891835 0.984994411
1403636586413555712.000000 0.001069392 0.023130905 -0.004797256 -0.176974207 0.044604614 0.014499805 0.983097374
1403636586463555584.000000 0.001153545 0.023318918 -0.006203448 -0.186766565 0.044637829 0.014576278 0.981281459
1403636586513555456.000000 0.001471985 0.023391897 -0.007467826 -0.195474043 0.044414531 0.013883345 0.979604304
1403636586563555840.000000 0.001965122 0.023381472 -0.008622954 -0.201879576 0.042932678 0.013262686 0.978379071
1403636586613555456.000000 0.002786513 0.023008179 -0.009485440 -0.205925763 0.041247547 0.012928532 0.977612495
1403636586663555584.000000 0.003737126 0.022558615 -0.010003890 -0.206194639 0.041310746 0.013560458 0.977544546
1403636586713555456.000000 0.004475071 0.022087455 -0.009758881 -0.204065293 0.040490344 0.013531336 0.978025973
1403636586763555840.000000 0.005424516 0.021724692 -0.009694157 -0.200136870 0.038309339 0.014741804 0.978907764
1403636586813555456.000000 0.006617712 0.021304447 -0.009456579 -0.195974573 0.036112458 0.015006019 0.979828954
1403636586863555584.000000 0.007429870 0.021077452 -0.009064205 -0.192344874 0.034993514 0.014306100 0.980598986
1403636586913555712.000000 0.007883525 0.021131217 -0.008582436 -0.189380646 0.033295728 0.012019565 0.981265485
1403636586963555584.000000 0.008173803 0.020961095 -0.008183546 -0.187314123 0.030934934 0.011144165 0.981749594
1403636587013555456.000000 0.008381091 0.020695806 -0.007559575 -0.186530963 0.028550005 0.008184886 0.982000053
1403636587063555840.000000 0.008491842 0.020600885 -0.006972002 -0.186957613 0.027468257 0.007030412 0.981958747
1403636587113555456.000000 0.008461966 0.020497216 -0.006631399 -0.189264491 0.026191225 0.004824465 0.981564939
1403636587163555584.000000 0.009025950 0.020387443 -0.006107411 -0.191519618 0.025941083 0.003456909 0.981139839
1403636587213555456.000000 0.009944193 0.020173233 -0.005459686 -0.193122238 0.025064832 0.002733942 0.980850756
1403636587263555840.000000 0.011172300 0.020005828 -0.004816863 -0.193923011 0.025838122 0.003258634 0.980671048
1403636587313555456.000000 0.013026028 0.019810611 -0.004066047 -0.194635242 0.026182510 0.004438589 0.980516195
1403636587363555584.000000 0.015224383 0.019570986 -0.003235524 -0.195331454 0.027501442 0.005470648 0.980336428
1403636587413555712.000000 0.017237803 0.019403096 -0.002882267 -0.196173236 0.027995422 0.006595118 0.980147362
1403636587463555584.000000 0.020163525 0.019138381 -0.002084721 -0.197385207 0.028887898 0.008591535 0.979862690
1403636587513555456.000000 0.023570223 0.018966898 -0.001476330 -0.198052540 0.029524202 0.010694089 0.979688287
1403636587563555840.000000 0.027181517 0.018690245 -0.000961584 -0.198694840 0.030679306 0.012531824 0.979500949
1403636587613555456.000000 0.031232091 0.018214125 -0.000455333 -0.198365018 0.032289032 0.014275094 0.979492247
1403636587663555584.000000 0.035322905 0.017759316 -0.000221550 -0.195768401 0.034551792 0.016289854 0.979905903
1403636587713555456.000000 0.037837084 0.017435713 0.000187383 -0.192437112 0.037364982 0.018568506 0.980421901
1403636587763555840.000000 0.042136729 0.016986944 0.000955922 -0.188304275 0.041140314 0.022128882 0.980999172
1403636587813555456.000000 0.046684548 0.016342653 0.001564182 -0.186006695 0.043985035 0.024317352 0.981262207
1403636587863555584.000000 0.050979752 0.016129673 0.001990568 -0.184607103 0.046917085 0.025482839 0.981361210
1403636587913555712.000000 0.055221327 0.015913231 0.002422088 -0.186633974 0.050161146 0.027422557 0.980764866
1403636587963555584.000000 0.059169214 0.016237048 0.003003786 -0.190042645 0.054671284 0.028323639 0.979843199
1403636588013555456.000000 0.062446106 0.016753774 0.003244382 -0.195039317 0.060281795 0.028555015 0.978524685
1403636588063555840.000000 0.064039618 0.016933996 0.003172774 -0.200399324 0.064519085 0.030179508 0.977121592
1403636588113555456.000000 0.066678345 0.017407306 0.003604143 -0.203831330 0.065490223 0.031078119 0.976318657
1403636588163555584.000000 0.069411591 0.017676648 0.003679085 -0.205796018 0.065804251 0.030778119 0.975894749
1403636588213555456.000000 0.071629480 0.018077271 0.003945924 -0.206409842 0.064896040 0.031066014 0.975816786
1403636588263555840.000000 0.073173508 0.018595364 0.004361235 -0.205417678 0.064142607 0.031462833 0.976063251
1403636588313555456.000000 0.074202478 0.018730875 0.004253324 -0.203487530 0.063173033 0.032321971 0.976502597
1403636588363555584.000000 0.074056789 0.018844195 0.004269500 -0.201650217 0.061905298 0.033088781 0.976939142
1403636588413555712.000000 0.074000902 0.019046046 0.004217156 -0.199979573 0.061928619 0.034468450 0.977233350
1403636588463555584.000000 0.073700033 0.019200012 0.004107977 -0.199360713 0.061577499 0.035050273 0.977361262
1403636588513555456.000000 0.073011436 0.019137779 0.003845705 -0.200226143 0.063152052 0.034073226 0.977118433
1403636588563555840.000000 0.071755148 0.018885108 0.003550040 -0.200402409 0.064418308 0.033213850 0.977029204
1403636588613555456.000000 0.069966555 0.018697508 0.003090963 -0.199737847 0.064114593 0.032949433 0.977194190
1403636588663555584.000000 0.068081535 0.018494653 0.002680451 -0.199229062 0.063349269 0.032347985 0.977368057
1403636588713555456.000000 0.065174870 0.018567491 0.002041871 -0.199245661 0.061230537 0.033228468 0.977470160
1403636588763555840.000000 0.062576890 0.018829172 0.001528221 -0.200484440 0.058818258 0.031660896 0.977417052
1403636588813555456.000000 0.059357457 0.018949008 0.000963309 -0.202184856 0.056635089 0.031325620 0.977206528
1403636588863555584.000000 0.055723771 0.019124016 0.000511637 -0.203027934 0.054388080 0.031174241 0.977164149
1403636588913555712.000000 0.051854003 0.019272430 -0.000122183 -0.202743769 0.051146723 0.030902255 0.977406800
1403636588963555584.000000 0.047465958 0.019262757 -0.000679385 -0.202181712 0.049027316 0.029425649 0.977677345
1403636589013555456.000000 0.043678038 0.019172523 -0.001241326 -0.200281322 0.046040401 0.028387165 0.978244245
1403636589063555840.000000 0.039061636 0.019190781 -0.001945188 -0.197328463 0.042385470 0.027164863 0.979043961
1403636589113555456.000000 0.034285609 0.019110423 -0.002618851 -0.194443285 0.039468553 0.024752693 0.979806840
1403636589163555584.000000 0.029337686 0.018771606 -0.003318809 -0.192145824 0.037963293 0.023740049 0.980344415
1403636589213555456.000000 0.025096959 0.018234147 -0.004048191 -0.191278741 0.034892522 0.022753464 0.980651438
1403636589263555840.000000 0.019759078 0.018052695 -0.004569628 -0.191621184 0.033241123 0.022017699 0.980658770
1403636589313555456.000000 0.014494847 0.017918935 -0.005282016 -0.193219200 0.030539295 0.020023406 0.980475843
1403636589363555584.000000 0.008991285 0.018115148 -0.005815709 -0.195346072 0.028199743 0.018601060 0.980152428
1403636589413555712.000000 0.004122050 0.018500714 -0.006161389 -0.196914375 0.025923330 0.015991287 0.979947448
1403636589463555584.000000 -0.001175105 0.018701289 -0.006560470 -0.197439566 0.024891028 0.014178289 0.979896426
1403636589513555456.000000 -0.006237902 0.019099141 -0.006857660 -0.196331769 0.023196261 0.013758261 0.980166554
1403636589563555840.000000 -0.011596058 0.019414917 -0.007293426 -0.195162535 0.021838790 0.013222565 0.980438590
1403636589613555456.000000 -0.016884387 0.019816024 -0.007670864 -0.193912983 0.020921975 0.012112691 0.980720818
1403636589663555584.000000 -0.021242769 0.020245690 -0.007955799 -0.192670852 0.019348990 0.010611393 0.981015265
1403636589713555456.000000 -0.026197217 0.020570332 -0.008298978 -0.192163065 0.017879603 0.010290583 0.981146216
1403636589763555840.000000 -0.031154385 0.021093898 -0.008826888 -0.192531735 0.014433339 0.009875339 0.981134892
1403636589813555456.000000 -0.035561271 0.021676159 -0.009244525 -0.194781035 0.009981204 0.008941254 0.980755270
1403636589863555584.000000 -0.039930303 0.022471415 -0.009605067 -0.197562069 0.006315068 0.007970812 0.980237663
1403636589913555712.000000 -0.043439008 0.023709798 -0.009683095 -0.199719429 0.001785822 0.006715997 0.979828537
1403636589963555584.000000 -0.046637822 0.024037607 -0.009662564 -0.202082112 -0.003077332 0.007623366 0.979334116
1403636590013555456.000000 -0.049744252 0.025038393 -0.009961103 -0.200274855 -0.007953971 0.006864176 0.979683518
1403636590063555840.000000 -0.052406386 0.025102858 -0.010075308 -0.198475614 -0.011052261 0.006798336 0.980019927
1403636590113555456.000000 -0.054774132 0.025005225 -0.010398602 -0.195542634 -0.013436444 0.006677164 0.980580449
1403636590163555584.000000 -0.056403182 0.025061103 -0.010689454 -0.191939622 -0.016324610 0.006265778 0.981251001
1403636590213555456.000000 -0.057363894 0.024773771 -0.011215624 -0.189939782 -0.017286506 0.006753030 0.981620312
1403636590263555840.000000 -0.057070833 0.024590321 -0.011364129 -0.189685270 -0.018111749 0.006246558 0.981658041
1403636590313555456.000000 -0.056183096 0.024566006 -0.011220820 -0.190144107 -0.017624252 0.004520749 0.981587589
1403636590363555584.000000 -0.055125315 0.024417708 -0.011444384 -0.191384912 -0.014775046 0.003843686 0.981396437
1403636590413555712.000000 -0.053254791 0.024559569 -0.011814305 -0.190838844 -0.012240117 0.002503500 0.981541932
1403636590463555584.000000 -0.050931282 0.023930373 -0.012369393 -0.192018360 -0.008386779 0.003067326 0.981350720
1403636590513555456.000000 -0.047779802 0.023709368 -0.012547782 -0.190423027 -0.005734147 0.001760542 0.981683850
1403636590563555840.000000 -0.044351794 0.023238370 -0.013005381 -0.188904196 -0.001696593 0.001536531 0.981992900
1403636590613555456.000000 -0.040612649 0.022796432 -0.013326727 -0.187234983 0.001581689 0.001144249 0.982313216
1403636590663555584.000000 -0.036567148 0.022378353 -0.013472590 -0.186526403 0.004959073 0.001556558 0.982436180
1403636590713555456.000000 -0.032293878 0.022040255 -0.013209348 -0.187117293 0.008320541 0.001476350 0.982301235
1403636590763555840.000000 -0.028044553 0.021836022 -0.013266435 -0.188387319 0.011889717 0.002742650 0.982019067
1403636590813555456.000000 -0.023262016 0.021684580 -0.013048411 -0.191296399 0.012376744 0.004626113 0.981443405
1403636590863555584.000000 -0.018471144 0.021621311 -0.012963718 -0.194261611 0.013654950 0.006803667 0.980831146
1403636590913555712.000000 -0.013144859 0.021748627 -0.012563237 -0.196574077 0.014381999 0.008470460 0.980346918
1403636590963555584.000000 -0.008011366 0.021678634 -0.012236618 -0.197876021 0.015987910 0.008987387 0.980055451
1403636591013555456.000000 -0.003074091 0.021630462 -0.011731165 -0.198017076 0.016545640 0.009317959 0.980014682
1403636591063555840.000000 0.001837838 0.021512650 -0.011264614 -0.197295800 0.015725339 0.010006745 0.980166793
1403636591113555456.000000 0.006618535 0.021328395 -0.010810895 -0.196706802 0.014869487 0.010589282 0.980292439
