1403636579763555840.000000 0.000000000 0.000000000 0.000000000 -0.000000000 -0.000000000 -0.000000000 1.000000000
1403636579913555712.000000 0.000068552 0.011825162 0.004481447 -0.005930012 0.005725658 -0.002886718 0.999961853
1403636579963555584.000000 -0.000054381 0.016852845 0.005988555 -0.012014641 0.005759816 -0.002963839 0.999906838
1403636580113555456.000000 -0.000491775 0.033082414 0.010711325 -0.023100071 0.005598561 0.001640874 0.999716163
1403636580263555840.000000 -0.000888485 0.047716796 0.014500009 -0.029767074 0.004644027 0.002220547 0.999543607
1403636580463555584.000000 -0.001572645 0.061830662 0.016825153 -0.055555083 0.003243274 -0.002709076 0.998446703
1403636580663555584.000000 -0.002255213 0.056921668 0.014731542 -0.071911328 0.000267299 -0.001393504 0.997409999
1403636581513555456.000000 -0.002663191 -0.024225831 -0.005254954 0.017566500 0.025671948 -0.019413419 0.999327540
1403636582163555584.000000 -0.000224617 0.053523764 0.014675041 -0.052953511 0.020339763 -0.010104767 0.998338699
1403636582913555712.000000 -0.001731304 -0.022199268 -0.004047081 -0.004269328 0.038089618 -0.004104254 0.999256790
1403636583113555456.000000 -0.000653476 -0.036026757 -0.008423191 0.019905342 0.042538080 -0.005686361 0.998880386
1403636583313555456.000000 -0.000056627 -0.024927855 -0.005074286 0.014874299 0.043414745 -0.010804981 0.998887956
1403636584013555456.000000 0.003053221 0.057274222 0.016397959 -0.064030491 0.027365031 -0.012200616 0.997498095
1403636584313555456.000000 0.001293048 0.041919272 0.012191526 -0.060029324 0.017981449 -0.014097504 0.997935057
1403636586413555712.000000 0.001069392 0.023130905 -0.004797256 -0.176974207 0.044604614 0.014499805 0.983097374
1403636586713555456.000000 0.004475070 0.022087455 -0.009758881 -0.204065293 0.040490344 0.013531336 0.978025973
1403636587113555456.000000 0.008461966 0.020497216 -0.006631398 -0.189264491 0.026191225 0.004824465 0.981564939
1403636587413555712.000000 0.017237803 0.019403096 -0.002882267 -0.196173236 0.027995422 0.006595118 0.980147362
1403636587713555456.000000 0.037837084 0.017435713 0.000187383 -0.192437112 0.037364982 0.018568506 0.980421901
1403636588063555840.000000 0.064039618 0.016933996 0.003172774 -0.200399324 0.064519085 0.030179510 0.977121592
1403636588363555584.000000 0.074056789 0.018844195 0.004269500 -0.201650217 0.061905298 0.033088781 0.976939142
1403636589013555456.000000 0.043678038 0.019172523 -0.001241326 -0.200281322 0.046040401 0.028387165 0.978244245
1403636589413555712.000000 0.004122051 0.018500714 -0.006161390 -0.196914375 0.025923330 0.015991287 0.979947448
1403636589663555584.000000 -0.021242768 0.020245690 -0.007955799 -0.192670852 0.019348990 0.010611393 0.981015265
1403636589963555584.000000 -0.046637822 0.024037607 -0.009662565 -0.202082112 -0.003077332 0.007623366 0.979334116
1403636590313555456.000000 -0.056183096 0.024566006 -0.011220818 -0.190144107 -0.017624252 0.004520749 0.981587589
1403636590713555456.000000 -0.032293878 0.022040257 -0.013209348 -0.187117293 0.008320541 0.001476350 0.982301235
